marker	ind_0	ind_1	ind_2	ind_3	ind_4	ind_5	ind_6	ind_7	ind_8	ind_9	ind_10	ind_11	ind_12	ind_13	ind_14	ind_15	ind_16	ind_17	ind_18	ind_19	ind_20	ind_21	ind_22	ind_23	ind_24	ind_25	ind_26	ind_27	ind_28	ind_29	ind_30	ind_31	ind_32	ind_33	ind_34	ind_35	ind_36	ind_37	ind_38	ind_39	ind_40	ind_41	ind_42	ind_43	ind_44	ind_45	ind_46	ind_47	ind_48	ind_49	ind_50	ind_51	ind_52	ind_53	ind_54	ind_55	ind_56	ind_57	ind_58	ind_59	ind_60	ind_61	ind_62	ind_63	ind_64	ind_65	ind_66	ind_67	ind_68	ind_69	ind_70	ind_71	ind_72	ind_73	ind_74	ind_75	ind_76	ind_77	ind_78	ind_79	ind_80	ind_81	ind_82	ind_83	ind_84	ind_85	ind_86	ind_87	ind_88	ind_89	ind_90	ind_91	ind_92	ind_93	ind_94	ind_95	ind_96	ind_97	ind_98	ind_99
chr01_0	1	1	1	1	1	0	1	0	1	0	0	0	0	1	0	0	0	0	1	0	0	0	0	0	0	0	1	1	0	1	0	0	0	0	0	1	0	0	0	1	0	0	0	0	1	0	1	1	0	0	0	1	0	1	1	0	1	0	1	0	0	0	1	0	1	0	1	0	1	0	1	0	1	0	0	0	0	0	0	1	1	0	0	1	0	1	0	0	1	1	1	1	0	1	0	1	1	0	0	0
chr01_1	1	1	1	1	1	0	1	0	1	1	0	0	0	1	0	0	0	0	1	0	0	1	1	0	0	0	1	1	0	1	0	0	0	0	0	1	0	0	0	1	0	0	0	0	0	0	1	0	0	0	0	1	1	0	1	0	1	0	1	1	0	0	1	0	1	0	1	0	1	0	1	1	1	0	1	0	0	0	0	1	1	0	0	1	1	0	0	0	1	1	1	1	0	1	0	1	1	0	0	0
chr01_2	1	1	1	1	1	0	1	0	1	1	0	0	0	1	1	1	0	0	1	0	0	1	1	1	1	0	1	1	0	1	0	0	0	0	0	1	0	0	1	1	0	0	0	0	0	1	1	0	0	0	1	1	1	0	1	0	1	1	1	0	1	1	1	0	1	0	1	0	1	0	1	0	1	0	1	0	1	0	0	1	1	0	0	1	1	0	0	0	1	1	1	0	0	1	0	1	1	0	0	0
chr01_3	0	0	1	1	1	0	1	0	1	1	0	0	0	1	1	1	0	0	1	0	1	1	1	1	1	0	1	1	1	1	0	0	0	1	0	1	0	0	1	1	0	0	0	0	0	1	1	0	0	0	1	1	1	0	1	0	1	1	1	0	1	1	1	0	1	0	1	0	1	0	1	0	0	0	1	0	1	0	0	1	1	0	0	0	0	0	0	0	1	1	1	1	1	1	0	1	1	0	0	0
chr01_4	0	0	1	1	0	0	1	0	1	1	0	0	0	1	0	1	0	0	1	0	0	1	1	1	0	0	1	0	1	0	1	0	0	1	0	0	0	0	1	1	0	0	0	0	0	1	1	0	0	0	1	1	1	0	1	0	1	1	1	0	1	1	1	0	1	0	1	0	1	0	1	0	0	1	1	0	1	0	0	1	1	0	0	0	0	0	0	0	1	1	1	1	1	1	0	1	1	0	0	0
chr01_5	0	0	1	1	1	0	1	0	1	1	0	0	0	0	0	1	0	0	1	1	0	1	1	1	0	1	0	0	1	0	1	0	0	1	0	1	0	0	1	1	0	0	0	0	0	1	1	0	0	0	1	1	1	0	1	0	1	1	0	0	1	1	0	0	1	0	1	0	1	0	1	0	0	1	1	0	1	0	0	1	1	0	0	0	0	0	0	1	0	1	1	1	1	0	1	1	1	0	0	0
chr01_6	0	0	1	0	0	0	1	0	1	1	0	0	0	0	0	1	0	0	1	1	0	1	1	0	0	1	0	1	1	0	1	0	0	1	0	1	0	0	1	1	1	0	0	0	0	1	1	0	0	0	1	1	1	0	1	1	1	1	0	0	0	1	0	0	1	0	0	0	1	0	1	0	0	1	1	0	1	1	1	1	1	0	0	0	0	0	0	1	0	1	1	1	1	0	1	0	1	0	0	0
chr01_7	0	0	1	0	0	1	1	0	1	1	0	0	0	0	0	1	0	1	1	1	0	1	1	0	0	1	0	0	1	0	1	0	0	1	0	1	0	0	1	1	0	0	0	1	0	1	1	0	0	0	1	1	1	1	1	1	1	1	0	0	0	1	0	0	1	0	0	0	1	0	1	0	0	1	1	0	1	1	1	1	0	0	0	0	0	0	0	1	0	1	0	1	1	0	0	0	1	0	0	1
chr01_8	1	0	1	0	0	0	1	0	1	1	0	0	0	0	0	0	0	0	1	1	0	1	1	0	0	1	0	0	1	0	1	0	0	1	0	1	0	0	1	1	0	0	0	0	0	1	1	0	0	0	1	0	1	1	1	1	1	1	0	0	0	1	0	0	1	0	0	1	1	0	1	0	1	1	1	0	1	1	1	1	0	0	0	0	0	0	0	1	0	1	0	1	1	0	1	0	1	0	0	1
chr01_9	1	0	1	0	0	0	0	0	1	1	0	0	0	0	0	1	0	1	1	1	1	1	1	0	0	1	0	1	1	0	1	0	0	1	0	1	0	0	1	1	0	0	0	0	0	1	1	0	0	1	1	0	1	1	1	0	1	1	0	0	0	1	0	1	1	0	0	0	1	0	1	0	1	1	1	0	1	1	1	1	1	0	0	0	0	0	0	1	0	1	0	1	1	0	0	0	1	0	0	1
chr01_10	1	0	1	0	0	1	0	0	1	1	0	0	0	0	0	1	0	0	1	1	1	1	0	1	0	1	0	1	1	0	1	0	0	1	0	1	0	0	1	1	0	0	0	1	0	1	1	0	0	0	0	0	1	1	1	0	1	1	0	0	0	1	0	1	1	0	0	0	1	0	1	1	0	1	1	0	1	1	1	0	1	0	0	0	0	0	0	1	1	1	0	1	0	0	1	0	1	1	0	1
chr01_11	1	0	1	0	0	1	0	0	1	1	1	0	0	0	0	1	0	0	1	1	1	1	0	1	0	1	0	1	1	0	1	1	0	1	1	1	0	0	0	1	0	0	0	1	0	1	1	0	0	0	0	0	1	1	0	0	1	1	0	0	0	1	0	1	1	0	0	0	1	0	0	1	0	1	1	0	1	1	0	0	1	0	0	1	0	0	0	1	1	1	0	0	0	0	1	0	1	1	0	1
chr01_12	1	1	1	0	0	1	0	0	1	1	1	0	0	0	0	1	0	0	1	1	1	1	0	1	0	1	0	1	1	0	1	1	0	1	1	1	0	0	0	0	0	0	0	1	0	1	1	0	0	0	0	0	1	1	0	0	1	1	0	1	0	1	0	1	1	0	0	0	1	1	0	1	0	1	1	0	1	1	1	0	1	0	0	1	0	0	0	1	1	0	0	0	0	0	0	0	1	1	0	1
